162.000000 262.000000 1044.078491
203.500000 252.500000 1044.078491
177.500000 195.500000 1092.266724
163.000000 262.000000 1044.078491
203.500000 252.500000 1044.078491
177.500000 194.500000 1092.266724
163.000000 263.000000 1044.078491
203.500000 252.500000 1044.078491
178.500000 194.500000 1076.203979
163.000000 263.000000 1044.078491
203.500000 252.500000 1044.078491
179.500000 192.500000 1092.266724
163.000000 262.000000 1044.078491
204.500000 251.500000 1044.078491
177.500000 192.000000 1076.203979
163.000000 262.000000 1044.078491
203.500000 250.500000 1044.078491
177.000000 191.000000 1076.203979
163.000000 262.000000 1044.078491
204.500000 250.500000 1044.078491
176.000000 189.500000 1076.203979
163.000000 263.000000 1044.078491
203.500000 251.000000 1044.078491
176.000000 188.500000 1076.203979
162.000000 262.000000 1044.078491
204.500000 251.000000 1044.078491
174.000000 187.000000 1076.203979
162.000000 262.000000 1044.078491
204.500000 251.000000 1044.078491
172.000000 186.000000 1060.141235
162.000000 262.000000 1044.078491
204.500000 251.000000 1044.078491
171.500000 183.000000 1060.141235
162.000000 261.500000 1044.078491
205.500000 249.000000 1044.078491
170.500000 182.000000 1060.141235
163.000000 262.000000 1044.078491
205.500000 249.000000 1044.078491
168.500000 180.000000 1060.141235
162.000000 262.500000 1044.078491
203.500000 249.000000 1044.078491
167.500000 179.500000 1060.141235
163.000000 262.000000 1044.078491
202.500000 247.000000 1044.078491
166.500000 177.500000 1044.078491
163.000000 262.000000 1044.078491
203.500000 248.000000 1044.078491
164.500000 174.500000 1044.078491
163.000000 262.000000 1044.078491
203.500000 247.000000 1044.078491
164.500000 170.500000 1028.015747
163.000000 261.000000 1044.078491
202.500000 245.500000 1044.078491
162.500000 169.500000 1028.015747
164.000000 261.000000 1044.078491
201.500000 244.500000 1044.078491
162.500000 164.500000 1011.952942
164.000000 260.000000 1044.078491
201.500000 243.500000 1044.078491
162.500000 161.500000 1011.952942
164.000000 259.000000 1044.078491
200.500000 242.500000 1044.078491
161.500000 159.500000 1011.952942
163.000000 258.000000 1044.078491
200.500000 242.500000 1044.078491
160.500000 157.500000 995.890198
162.000000 258.000000 1044.078491
199.500000 242.500000 1028.015747
157.500000 150.500000 995.890198
162.000000 258.000000 1044.078491
199.500000 240.500000 1044.078491
157.500000 149.500000 995.890198
162.000000 258.000000 1044.078491
199.500000 239.500000 1028.015747
157.500000 147.500000 995.890198
161.000000 257.000000 1044.078491
197.500000 238.500000 1028.015747
157.500000 143.500000 979.827454
161.000000 256.000000 1028.015747
197.500000 237.500000 1028.015747
155.500000 139.500000 979.827454
160.000000 256.000000 1028.015747
196.500000 237.500000 1028.015747
155.500000 138.000000 979.827454
160.000000 253.500000 1028.015747
196.500000 236.500000 1028.015747
154.500000 136.000000 963.764709
159.000000 254.000000 1028.015747
196.500000 234.500000 1028.015747
153.500000 133.000000 963.764709
158.000000 253.000000 1028.015747
195.500000 233.500000 1028.015747
153.500000 129.000000 947.701965
158.000000 252.000000 1028.015747
194.500000 232.500000 1011.952942
147.500000 120.500000 947.701965
157.000000 251.000000 1028.015747
194.500000 231.500000 1011.952942
148.500000 119.000000 947.701965
156.000000 251.000000 1011.952942
193.500000 227.500000 1011.952942
149.500000 118.000000 947.701965
155.000000 249.000000 1011.952942
193.500000 226.500000 995.890198
150.500000 117.000000 947.701965
155.000000 248.000000 1011.952942
193.500000 224.500000 995.890198
150.500000 116.000000 947.701965
154.000000 248.000000 1011.952942
192.500000 222.500000 995.890198
151.500000 115.000000 963.764709
153.000000 247.000000 1011.952942
192.500000 222.500000 995.890198
151.000000 115.000000 963.764709
153.000000 244.000000 995.890198
191.500000 218.500000 995.890198
151.000000 115.000000 963.764709
153.000000 243.000000 995.890198
190.500000 216.500000 979.827454
149.000000 117.000000 979.827454
152.000000 242.000000 995.890198
189.500000 214.500000 979.827454
146.500000 118.000000 979.827454
151.000000 239.000000 995.890198
189.500000 211.500000 979.827454
144.500000 118.000000 979.827454
151.000000 239.000000 979.827454
189.500000 210.500000 979.827454
143.500000 119.000000 995.890198
150.000000 236.000000 979.827454
189.500000 208.500000 979.827454
142.500000 126.000000 1011.952942
149.000000 234.000000 979.827454
189.500000 206.500000 979.827454
141.500000 131.500000 1011.952942
147.000000 230.500000 979.827454
189.500000 204.500000 963.764709
142.500000 137.000000 1011.952942
147.000000 228.500000 963.764709
188.500000 202.500000 963.764709
143.500000 143.000000 1011.952942
145.000000 227.500000 963.764709
187.500000 200.500000 963.764709
143.000000 146.000000 1028.015747
145.000000 223.500000 963.764709
186.500000 199.500000 963.764709
144.000000 149.000000 1028.015747
144.500000 222.500000 963.764709
185.500000 196.500000 947.701965
144.000000 155.000000 1028.015747
144.000000 220.500000 963.764709
185.500000 195.500000 947.701965
144.000000 159.000000 1028.015747
144.000000 220.500000 947.701965
183.500000 193.500000 947.701965
147.500000 166.000000 1044.078491
143.000000 216.500000 947.701965
180.500000 188.500000 947.701965
151.000000 171.000000 1044.078491
142.000000 214.500000 947.701965
178.500000 182.500000 947.701965
151.000000 176.000000 1044.078491
141.000000 212.500000 947.701965
177.500000 176.500000 947.701965
153.000000 179.000000 1060.141235
140.000000 211.500000 931.639221
175.500000 170.500000 947.701965
155.000000 186.000000 1060.141235
139.000000 209.500000 931.639221
174.500000 166.500000 947.701965
156.500000 191.000000 1060.141235
139.000000 208.500000 931.639221
173.500000 164.500000 947.701965
157.000000 194.000000 1060.141235
137.000000 205.500000 915.576477
169.500000 160.500000 947.701965
158.500000 199.000000 1060.141235
134.000000 199.500000 915.576477
167.500000 157.500000 947.701965
160.500000 202.500000 1076.203979
130.000000 190.500000 931.639221
165.500000 157.500000 947.701965
162.000000 206.000000 1076.203979
128.500000 180.500000 915.576477
165.500000 156.500000 947.701965
162.500000 208.500000 1076.203979
127.500000 176.500000 915.576477
164.500000 157.500000 947.701965
163.000000 209.000000 1076.203979
126.000000 173.500000 915.576477
165.500000 157.500000 947.701965
163.000000 213.000000 1076.203979
125.000000 172.500000 915.576477
166.500000 160.500000 947.701965
163.000000 213.000000 1092.266724
120.000000 167.500000 931.639221
167.500000 163.500000 947.701965
164.000000 219.000000 1092.266724
118.000000 164.500000 931.639221
168.500000 166.500000 963.764709
165.000000 220.000000 1092.266724
118.000000 164.500000 931.639221
169.500000 171.500000 963.764709
170.500000 228.500000 1092.266724
117.000000 165.500000 931.639221
169.500000 173.500000 963.764709
172.000000 229.000000 1092.266724
117.000000 166.500000 931.639221
169.500000 175.500000 963.764709
174.000000 235.000000 1092.266724
118.000000 168.500000 931.639221
170.500000 176.500000 963.764709
175.000000 238.000000 1092.266724
120.000000 172.500000 931.639221
170.500000 179.500000 979.827454
178.000000 244.000000 1092.266724
120.000000 175.500000 931.639221
171.500000 183.500000 979.827454
180.000000 248.000000 1108.329468
121.000000 180.500000 931.639221
172.000000 184.500000 979.827454
182.000000 252.000000 1108.329468
122.500000 182.500000 947.701965
173.000000 187.500000 979.827454
183.000000 254.000000 1108.329468
123.500000 184.500000 947.701965
173.000000 190.500000 979.827454
184.000000 257.000000 1108.329468
123.500000 187.500000 947.701965
173.000000 193.500000 979.827454
186.000000 261.000000 1108.329468
123.500000 189.500000 947.701965
174.000000 195.500000 979.827454
188.000000 264.000000 1108.329468
124.500000 193.500000 947.701965
174.500000 201.500000 979.827454
189.000000 266.000000 1092.266724
125.500000 196.500000 947.701965
175.500000 202.500000 995.890198
189.000000 269.000000 1092.266724
126.500000 199.500000 947.701965
175.500000 206.500000 995.890198
191.000000 274.000000 1092.266724
126.500000 202.500000 963.764709
175.500000 209.500000 995.890198
192.500000 277.500000 1092.266724
127.500000 205.500000 963.764709
175.500000 210.500000 995.890198
193.000000 282.000000 1092.266724
127.500000 208.500000 963.764709
177.500000 215.500000 995.890198
194.000000 283.000000 1092.266724
128.500000 212.500000 963.764709
177.500000 218.500000 995.890198
194.500000 282.500000 1092.266724
129.500000 215.500000 963.764709
178.500000 222.500000 1011.952942
194.500000 277.500000 1092.266724
130.500000 217.500000 979.827454
179.500000 223.500000 1011.952942
194.500000 271.500000 1076.203979
130.500000 222.500000 979.827454
179.500000 225.500000 1011.952942
193.500000 268.500000 1076.203979
131.500000 225.500000 979.827454
182.500000 233.500000 1011.952942
194.000000 262.000000 1060.141235
132.500000 227.500000 979.827454
183.500000 234.500000 1011.952942
195.000000 257.000000 1060.141235
132.000000 232.500000 979.827454
185.500000 238.500000 1028.015747
195.000000 256.000000 1060.141235
135.000000 236.000000 979.827454
185.500000 242.500000 1028.015747
188.500000 248.500000 1060.141235
135.000000 237.500000 995.890198
186.500000 243.500000 1011.952942
187.000000 243.000000 1060.141235
137.000000 242.500000 995.890198
186.500000 247.000000 1011.952942
186.000000 240.500000 1044.078491
139.000000 247.500000 995.890198
188.500000 250.000000 1028.015747
186.000000 235.500000 1044.078491
140.000000 249.500000 995.890198
189.500000 252.000000 1028.015747
184.000000 230.500000 1028.015747
142.000000 254.500000 995.890198
189.500000 254.000000 1028.015747
184.000000 225.000000 1028.015747
142.000000 256.500000 995.890198
190.500000 256.000000 1028.015747
183.000000 222.500000 1028.015747
142.000000 258.500000 995.890198
191.500000 257.000000 1028.015747
184.000000 220.000000 1028.015747
143.000000 260.500000 995.890198
191.500000 258.000000 1028.015747
176.000000 212.500000 1044.078491
